Time,HRR
0.6015404848585888,30.80719838918185
7.471504908841013,30.929314726709435
13.706027597271827,43.47739602955335
20.13238175303897,59.41301377259106
26.462820175137978,59.20021329095289
32.79325859723696,51.40753536788861
39.123697019335935,46.08272451877701
45.97731217053405,45.521637205251864
52.32170197207566,66.37395871152103
58.1150122856329,65.09912155569873
65.0209451097409,63.74521781484236
71.1275801532808,73.31392278724024
74.51660274288938,104.2045825524583
78.25731635594786,124.20256056321614
82.86127157201986,150.91236874879087
89.19170999411884,143.53100200471908
99.83835643128532,171.2270700020813
102.42808124032581,190.75975881140175
104.15456444635282,207.7646594289381
106.74428925539331,242.78541758005485
110.19725566744734,265.1125123632555
113.9379692805058,285.9876744190069
118.32611409582444,308.4435838761183
121.66603696462664,328.4325231793732
123.14587971264979,348.6936899191146
125.44785732068578,392.8902171517534
126.8865933257083,416.4935816238776
128.32532933073077,440.90487876902216
130.05181253675778,467.9039065518177
132.02493620078866,493.4737502429666
133.50477894881175,516.3110680201098
135.39568912684138,554.1654347895865
136.95774536086577,577.2250272667538
137.82098696387925,596.4285458296745
139.25972296890177,622.132535251651
139.83521737091075,645.841972046037
139.83521737091075,662.3722745360296
141.1780376422651,683.281748070091
142.42494217995124,712.9699746229753
143.36012058321586,751.2332114634387
144.34325685331459,782.7909981318321
145.24486474979534,811.3345312060637
146.64523446135058,840.1729865881607
148.46763340104576,872.9495150110461
150.40992700782613,906.4137637409935
151.63285261209523,926.3392749878858
152.02523515891954,964.2859304553422
153.07158861711775,997.2874940989918
154.22257742113572,1027.483262930656
155.18173475781737,1059.677101072054
155.37356622515375,1081.331260764986
156.3601280571691,1096.0205953398222
156.42863929550356,1145.3927653899773
157.67554383318975,1172.4848349535578
159.0183641045441,1209.4667824628998
160.1933318419791,1243.4014552459641
161.12851024524372,1266.362447259425
162.27949904926174,1290.9976194690278
164.2937294562932,1302.4543687069024
166.3079598633247,1333.2184004508936
169.32930547387195,1358.36396951602
170.9119150793967,1383.6463138811098
172.3506510844192,1423.1336347048102
172.6383982854237,1399.4743259049462
173.2138926874327,1457.8163738231085
173.78938708944168,1521.0371808967795
174.07713429044617,1479.4713909538787
174.36488149145072,1563.2159585964068
175.35144332346607,1599.494408383875
175.70770176280507,1625.7204992464563
176.21925234236858,1649.3522122334232
176.85869056682304,1701.3523817770927
178.10559510450918,1731.579230111991
178.8866232215214,1756.1144340071337
179.37990413752908,1789.8300237419307
180.11982551154068,1815.782237228602
180.56743226865882,1860.6453865374165
181.27081431555865,1890.315331323931
181.8463087175677,1913.5884844748862
183.21310792233908,1941.2794017514955
184.14828632560364,1966.1551942000144
185.2992751296216,1986.9122895791202
185.8747695316306,2025.7300673589832
187.6012527376576,2051.597989399551
189.40994942968587,2076.4739787515473
191.79414052372323,2105.3635452490744
193.4281335579987,2129.085844309271
194.5071855617656,2154.714187185692
194.91825299177202,2192.3348839900646
195.75409009945173,2221.8150827172312
196.71324743613343,2246.7072293262095
197.38465757181058,2276.509260503163
198.5356463758286,2301.6153420421833
198.5356463758286,2324.6067975372716
199.1111407778376,2412.2560260744744
199.1111407778376,2378.544458197941
199.23902842272844,2443.647946234212
199.39888797884208,2337.400716894232
199.68663517984658,2475.279466738022
200.1799160958543,2515.3384821455597
200.8376239838646,2574.761521776214
201.1253711848691,2546.647810839099
202.27635998888707,2596.975242050743
202.8518543908961,2625.5807508436314
203.8795229659122,2661.2120354580056
204.29059039591857,2686.6721913438914
205.7293264009411,2710.210921202174
206.59256800395457,2732.2583627741255
207.16806240596355,2755.1437082420307
208.99046134565873,2796.5247196325813
209.47004001399955,2828.3611770895545
210.70324230401883,2862.235152630087
211.38835468736295,2888.810181591377
213.93012162956933,2937.4684522490766
214.6494896320806,2962.4879130157487
216.45818632410885,2986.380532885726
217.62287737579368,3013.1210585215977
220.59626511950688,3037.275557223666
222.0785991852876,3062.5676116215905
224.43289446623356,3030.4124795337207
224.5479933466354,3006.778694172565
225.41945629824892,2982.437017069735
227.88586087828753,2944.9505833003896
228.2695238129602,2916.0943563320916
228.84501821496917,2893.3153471208966
229.36570362631068,2869.292664025424
229.50770873849473,2819.490393594332
231.33882729034156,2846.6392698746413
231.62657449134605,2786.6101198268057
233.31195095437238,2763.113020390985
234.79179370239552,2742.3773749226175
239.4341152119348,2713.4589180765643
240.05345680647775,2695.4401439975036
241.79364226017168,2748.477799360492
242.2732209285125,2777.147160739226
243.6297434475337,2825.107870803665
244.89491764877573,2862.5077713133182
246.01393454157102,2890.708359043852
247.83633348126614,2937.529450432738
249.1791537526205,2986.2318079186934
249.27506948628866,2964.7415808443525
249.9704585553829,3002.114136674504
251.28929989332016,3050.560453307004
251.54507518310191,3071.568788213517
252.05662576266548,3089.3474778359378
256.2001854571303,3057.063954524543
257.23607538074646,3042.9174199955833
261.7578171108172,3018.2592477840362
262.127777797823,3002.8192082277196
267.4031431495721,3045.0363052991343
268.97616118173005,3058.9132552272895
271.04794102896244,3027.1299170219218
275.07640184302545,2960.6537445547187
276.51513784804797,2940.8872831391195
277.66612665206594,2924.17246114355
279.10486265708846,2889.7177837324443
279.39260985809295,2867.7120438033617
280.25585146110643,2839.949281894086
281.50275599879257,2813.759345861519
282.27008186813794,2800.353919713349
283.47862011235685,2757.1232166060545
285.35308759318616,2732.512711793801
287.1617842852144,2705.1870169524304
287.901705659226,2681.425978878638
288.88826749124144,2660.7971137471636
290.90249789827294,2620.3361094167617
291.30534397967926,2593.726091685059
291.88083838168825,2547.7755734116454
292.0534867022909,2570.172874758157
292.43714963696357,2523.9622539733855
293.92384350882014,2493.3537270998536
295.2187059133404,2465.005847654787
295.7942003153494,2438.6396173753824
296.3696947173584,2418.284406183248
297.39279587648554,2387.462037012752
297.4247677877083,2333.146138271137
298.0961779233854,2309.421475670971
298.21127680378726,2283.9240589440496
298.3839251243899,2369.534012627659
298.9594195263989,2260.1446208687016
299.7267453957443,2214.906647403537
301.3025038774355,2192.4820504870195
304.4266163454844,2170.734890907661
307.05744789752555,2148.762105079724
308.88669796105415,2128.694121598568
312.23689751560653,2088.9711492066817
313.9798234188338,2064.941283423465
315.3610099836554,2030.4376608351806
316.22425158666886,2001.423757472257
317.0874931896824,1989.1502190943113
318.52622919470485,1958.8644742759896
319.38947079771845,1936.707226198097
319.96496519972743,1915.4902201547413
320.2116056577313,1885.4371356475226
320.9241225364091,1860.2354456001178
322.95753609017424,1767.1781806617018
323.22610014444507,1796.42753310342
323.7467855557866,1736.0214982470025
323.99342601379044,1817.84400516242
323.99342601379044,1725.4973006362138
325.7199092198174,1694.0989548131115
326.10357215449005,1666.5354201216458
326.67906655649904,1641.6557859605985
327.2545609585081,1617.7456710071751
327.4463924258444,1605.789831502468
328.3096340288579,1570.8941782799573
329.28797451227325,1497.6480536923068
329.7483700338804,1530.0493749119337
330.3238644358894,1476.9364891002913
330.6691610770948,1544.9109110201691
332.0503476419164,1436.6462671158351
332.16544652231823,1412.4307702301055
332.7409409243272,1388.9515527022927
333.58499938060703,1365.8838774071985
334.6400724509569,1336.6857135854714
335.2155668529659,1297.0613081418057
337.03796579266105,1221.9384280828472
337.80529166200637,1268.9663658765867
337.969718634009,1199.1623235470643
338.61098382481896,1255.2057621634865
339.4358591343652,1154.253220783648
340.6827636720514,1133.8388491736414
341.2582580740604,1111.1244745762883
343.2724884810919,1085.0446718256458
346.1499604911369,1065.6777485130315
348.54785383284104,1039.8434536762775
351.61715731022235,1019.3308300239655
353.5902809742531,996.521665254666
355.0701237222763,973.7915802734719
355.8922585822892,948.7569872650834
356.7966069283033,924.3359392083685
357.0843541293078,912.8252447018181
359.96182613935275,878.1076006018202
360.3454890740254,850.156258227305
361.51566102477716,825.5076937882764
362.8392981493978,802.8317363162096
363.99028695341576,783.2083566977676
366.8677589634608,742.9159771539307
368.59424216948776,722.5701502977445
369.58537141739214,689.6992187602214
370.0329781745103,657.6010100161998
371.50368609075565,631.8576464156272
374.9246805915868,618.9640021969699
382.6938550187084,592.8723623862111
387.2978102347804,570.9282551498682
390.1752822448253,550.20400494658
392.4133160304159,526.005816947154
395.29078804046094,499.2059130427547
397.65670947094236,479.0538173302439
401.1096758829964,448.022730008126
404.5626422950503,424.67161983783217
407.44011430509534,402.5900427438701
410.89308071714936,379.26663312236496
416.07253033523034,369.6262617164293
422.4029687573293,374.8780240414003
428.06199704375115,362.8786220226616
434.4883511995183,344.48077358358296
440.81878962161727,337.83389108771144
447.1492280437162,331.0988704820561
452.9041720638062,318.69873243563006
457.22038007887375,299.774436968562
462.68757689795916,274.46461631644524
467.86702651604026,291.36640711404016
473.04647613412124,306.01438053287166
478.8014201542112,287.3466435684718
483.54924897078547,270.8712101177248
488.7081452173661,251.96411806957894
495.4907578124721,253.57892354279784
502.2688029916893,247.67996788241499
508.1516346566701,234.64431952487712
514.2354326207653,223.74126335534993
520.8125115008681,232.41998162723303
525.9919611189491,234.19239621020142
629.077395878811,277.8263813795097
633.6094142946318,293.92650271044204
638.5011167117084,274.59069167070083
638.7888639127129,238.2654468387077
642.7453879265247,253.6998401782862
645.0307647345028,239.66417390866172
651.4497407569108,258.1997492355399
652.6007295609288,221.7199561209036
657.2868982630022,244.43484030597983
658.6114488708006,227.08662916560115
665.5205788860308,230.62919073297053
671.5920448272258,253.07568852758823
671.5920448272258,225.69778817592714
676.0521264427956,223.91630396342998
677.9224832493248,252.24592127746155
684.2529216714238,246.48041987942997
690.5833600935227,239.65726116399037
696.5685018744165,232.95468050146383
703.2442369377208,233.41454495496873
708.9991809578107,253.8899218579818
714.7983937780552,263.889277707538
718.7825857919637,237.40168269880633
720.2474806334411,214.07465492829488
727.4150018220987,213.6703686712417
733.7454402441977,217.48988671222196
739.1304235772819,199.7147844316437
745.8308226863867,182.4653854907442
752.2571768421539,174.12262640952576
758.2758891298313,179.8676240110458
764.8221379526836,186.1457514252461
771.1525763747826,178.44121161196654
777.4830147968817,173.64522942155918
783.8134532189806,166.55765637676723
790.5755124425864,151.04539570985935
796.4743300631786,147.8874666881993
802.8047684852776,161.6886256622197
809.1352069073765,168.6150120730872
815.6958430902793,166.49051216399403
818.0292113020611,132.92108244596648
822.9470725555925,105.5325993893216
829.2775109776916,105.58421323703533
835.9779100867963,118.05372579945242
841.8744439994441,138.95415946227786
848.0450228654295,153.0804524999503
854.8230680446466,153.44337144379915
861.1763435461903,154.066751793996
866.0075948706187,164.36589152298166
872.4395911283664,168.60232189152111
878.7700295504653,153.2129783156438
882.5107431635238,142.35947011236067
890.8554119926544,131.7344651574008
897.1858504147533,132.66746010295446
903.5162888368523,132.89535017023672
909.8467272589512,116.37699937855496
916.1771656810502,112.19798395663565
922.5076041031493,118.33112737944657
929.8739324488645,123.36217652133246
935.3603124146834,131.79863588645367
941.8186384816736,136.2093411232977
947.1861581657704,130.3049895228496
952.1647489533464,122.82001215249875
958.1882570277071,115.80162228074505
964.2309482488017,124.61181815700365
973.1511114799412,136.57731570745636
979.4815499020401,134.39609744064228
984.8528309874573,119.99145264203389
991.5669323442291,105.93788539807383
997.0341291633147,103.04085157978488
999.0483595703461,77.64779160120906
1005.9159261009868,103.7386072611007
1011.5399733551296,105.92793197844185
1018.0396748366431,94.96018518230676
1027.823079670796,103.41307246734596
1040.4839565149941,108.980862969383
1046.814394937093,101.8932899245915
1053.144833359192,96.48034096569563
1062.0974094934238,82.01480066969043
1070.3736970193363,93.57398846182059
1071.56065422348,103.28491762955673
1076.61221619667,88.62172978836134
1082.4950478616508,74.59697597658032
1088.7208509379302,75.28233109328858
1094.2447252360012,91.45860151163106
1099.7958483220468,89.24838266969891
1106.665812746029,87.48593484038611
1112.9962511681279,83.48319563803443
1119.3266895902268,79.56859454546793
1124.4581813414738,86.01440120329335
1131.987566434425,90.87795334200655
1138.3180048565239,94.7950528616766
1144.8882326127932,85.43498199828082
1150.5312749436039,83.51412410470675
1157.3093201228207,83.66821635246379
1161.6255281378883,84.6288577650007
1171.6966801730457,81.49392969742848
1178.0271185951447,86.65755391261519
1184.3575570172438,83.00736714940058
1190.6879954393428,77.59441819050517
1194.4287090524012,78.59443648996012
